[0, 0, 0, 0, 1, 0, 1, 0, 0, 1, 0, 1, 0, 0, 0, 0]
[0, 0, 1, 1, 0, 0, 1, 1, 1, 0, 1, 0, 0, 1, 0, 1]
[0, 0, 0, 1, 0, 0, 1, 1, 1, 0, 0, 1, 1, 1, 0, 0]
[0, 0, 1, 0, 0, 0, 0, 0, 1, 1, 0, 0, 0, 1, 1, 0]
[0, 1, 1, 0, 1, 1, 1, 0, 0, 1, 0, 0, 1, 0, 1, 1]
[1, 1, 1, 0, 1, 0, 0, 1, 0, 1, 0, 1, 1, 0, 1, 0]
[0, 1, 0, 1, 1, 0, 0, 1, 1, 1, 0, 0, 0, 0, 0, 0]
[0, 0, 0, 1, 1, 0, 0, 1, 1, 0, 0, 1, 0, 1, 1, 0]

00101

Decoded chunk #1: [0, 0, 1, 1, 1, 0, 1, 0, 0, 0, 0] 
Decoded chunk #2: [1, 0, 1, 1, 0, 1, 0, 0, 1, 1, 1] 
Decoded chunk #3: [1, 0, 1, 1, 0, 0, 1, 1, 1, 1, 0] 
Decoded chunk #4: [1, 0, 0, 0, 1, 0, 0, 0, 1, 1, 0] 
Decoded chunk #5: [0, 1, 1, 0, 1, 0, 0, 1, 0, 0, 1] 
Decoded chunk #6: [0, 0, 0, 1, 1, 0, 1, 1, 0, 1, 0] 
Decoded chunk #7: [1, 0, 0, 1, 1, 0, 0, 0, 0, 0, 0] 
Decoded chunk #8: [0, 0, 0, 1, 0, 0, 1, 0, 1, 1, 0] 