[0, 0, 0, 0, 1, 0, 1, 0, 0, 1, 0, 1, 0, 0, 0, 0]
[0, 0, 1, 1, 0, 0, 1, 1, 1, 0, 1, 0, 0, 1, 0, 1]
[0, 0, 0, 1, 0, 0, 1, 1, 1, 0, 0, 1, 1, 1, 0, 0]
[0, 0, 1, 0, 0, 0, 0, 0, 1, 1, 0, 0, 0, 1, 1, 0]
[0, 1, 1, 0, 1, 1, 1, 0, 0, 1, 0, 0, 1, 0, 1, 1]
[0, 1, 1, 0, 1, 0, 0, 1, 0, 1, 0, 1, 1, 0, 1, 0]
[0, 1, 0, 1, 1, 0, 0, 1, 1, 1, 0, 0, 0, 0, 0, 0]
[0, 0, 0, 1, 1, 0, 0, 1, 1, 0, 0, 1, 0, 1, 1, 0]

Encoded chunk #1: [0, 0, 1, 0, 1, 0, 1, 0, 0, 0, 0] 
Encoded chunk #2: [1, 0, 1, 1, 0, 1, 0, 0, 1, 0, 1] 
Encoded chunk #3: [1, 0, 1, 1, 0, 0, 1, 1, 1, 0, 0] 
Encoded chunk #4: [0, 0, 0, 0, 1, 0, 0, 0, 1, 1, 0] 
Encoded chunk #5: [0, 1, 1, 0, 1, 0, 0, 1, 0, 1, 1] 
Encoded chunk #6: [0, 0, 0, 1, 1, 0, 1, 1, 0, 1, 0] 
Encoded chunk #7: [1, 0, 0, 1, 1, 0, 0, 0, 0, 0, 0] 
Encoded chunk #8: [1, 0, 0, 1, 0, 0, 1, 0, 1, 1, 0] 